0.47357861892 4e-05
0.497002173255 0.00011
0.508713950423 0.00014
0.52042572759 0.00016
0.532137504758 0.0001
0.543849281925 0.00041
0.555561059093 0.00057
0.567272836261 0.00028
0.578984613428 0.00041
0.590696390596 0.00099
0.602408167763 0.00112
0.614119944931 0.00144
0.625831722099 0.00193
0.637543499266 0.00257
0.649255276434 0.00247
0.660967053602 0.00257
0.672678830769 0.004
0.684390607937 0.00291
0.696102385104 0.00559
0.707814162272 0.00619
0.71952593944 0.0076
0.731237716607 0.00865
0.742949493775 0.00925
0.754661270942 0.01018
0.76637304811 0.01081
0.778084825278 0.01139
0.789796602445 0.01255
0.801508379613 0.01515
0.81322015678 0.01588
0.824931933948 0.01952
0.836643711116 0.01849
0.848355488283 0.01852
0.860067265451 0.02077
0.871779042619 0.02075
0.883490819786 0.02245
0.895202596954 0.02472
0.906914374121 0.02563
0.918626151289 0.02536
0.930337928457 0.02615
0.942049705624 0.02877
0.953761482792 0.02576
0.965473259959 0.02973
0.977185037127 0.02552
0.988896814295 0.02792
1.00060859146 0.02556
1.01232036863 0.02822
1.0240321458 0.0287
1.03574392297 0.02665
1.04745570013 0.02724
1.0591674773 0.02673
1.07087925447 0.02629
1.08259103164 0.0231
1.0943028088 0.02427
1.10601458597 0.02137
1.11772636314 0.02145
1.12943814031 0.01872
1.14114991747 0.02087
1.15286169464 0.0168
1.16457347181 0.01758
1.17628524898 0.01296
1.18799702614 0.01747
1.19970880331 0.01139
1.21142058048 0.01191
1.22313235765 0.01175
1.23484413481 0.01038
1.24655591198 0.00971
1.25826768915 0.00937
1.26997946632 0.00786
1.28169124348 0.00482
1.29340302065 0.00676
1.30511479782 0.00592
1.31682657499 0.00288
1.32853835216 0.00492
1.34025012932 0.00415
1.35196190649 0.00217
1.36367368366 0.00281
1.37538546083 0.0023
1.38709723799 0.00212
1.39880901516 0.00144
1.41052079233 0.00176
1.4222325695 0.00069
1.43394434666 0.00127
1.44565612383 0.0009
1.457367901 0.0004
1.46907967817 0.00091
1.48079145533 0.00038
1.4925032325 0.00031
1.50421500967 0.00031
1.51592678684 0.00018
1.527638564 0.00021
1.53935034117 0.00023
1.55106211834 5e-05
1.56277389551 1e-05
1.57448567268 0.00015
1.59790922701 5e-05
1.60962100418 1e-05
1.63304455851 2e-05


#L	=	10
#A	=	0.0281695349887
#X0	=	0.994606365469
#SD	=	0.166839089892


0.47357861892 0.000214783968317
0.492903051246 0.00030632430059
0.512227483573 0.000431056912476
0.531551915899 0.000598496137486
0.550876348226 0.000819901469491
0.570200780553 0.00110824441771
0.589525212879 0.00147802920247
0.608849645206 0.00194493034366
0.628174077532 0.00252521676486
0.647498509859 0.0032349446231
0.666822942185 0.00408891998622
0.686147374512 0.00509945716918
0.705471806838 0.00627498742043
0.724796239165 0.00761860303455
0.744120671492 0.00912665020971
0.763445103818 0.0107875057785
0.782769536145 0.0125806839304
0.802093968471 0.0144764153935
0.821418400798 0.016435820751
0.840742833124 0.0184117610826
0.860067265451 0.0203503948457
0.879391697777 0.0221934042597
0.898716130104 0.023880784132
0.918040562431 0.0253540192936
0.937364994757 0.0265594223307
0.956689427084 0.0274513690272
0.97601385941 0.0279951607746
0.995338291737 0.0281692639155
1.01466272406 0.0279667246274
1.03398715639 0.027395629771
1.05331158872 0.0264785711329
1.07263602104 0.0252511625341
1.09196045337 0.0237597454724
1.1112848857 0.0220584892658
1.13060931802 0.0202061383138
1.14993375035 0.0182626776015
1.16925818268 0.0162861772877
1.188582615 0.014330041186
1.20790704733 0.0124408282309
1.22723147966 0.0106567486815
1.24655591198 0.00900686656361
1.26588034431 0.00751097485962
1.28520477664 0.00618005674398
1.30452920896 0.00501720899089
1.32385364129 0.00401888422927
1.34317807361 0.00317630628904
1.36250250594 0.00247692483691
1.38182693827 0.00190579795343
1.40115137059 0.00144681985245
1.42047580292 0.00108374133243
1.43980023525 0.000800959191752
1.45912466757 0.00058407513368
1.4784490999 0.00042024312684
1.49777353223 0.000298336297845
1.51709796455 0.000208970579862
1.53642239688 0.000144423469637
1.55574682921 9.84836136069e-05
1.57507126153 6.62618796861e-05
1.59439569386 4.39882923138e-05
1.61372012619 2.88127046858e-05
1.63304455851 1.86210655255e-05


0.947157237839 4e-05
0.99400434651 0.00011
1.01742790085 0.00014
1.04085145518 0.00016
1.06427500952 0.0001
1.08769856385 0.00041
1.11112211819 0.00057
1.13454567252 0.00028
1.15796922686 0.00041
1.18139278119 0.00099
1.20481633553 0.00112
1.22823988986 0.00144
1.2516634442 0.00193
1.27508699853 0.00257
1.29851055287 0.00247
1.3219341072 0.00257
1.34535766154 0.004
1.36878121587 0.00291
1.39220477021 0.00559
1.41562832454 0.00619
1.43905187888 0.0076
1.46247543321 0.00865
1.48589898755 0.00925
1.50932254188 0.01018
1.53274609622 0.01081
1.55616965056 0.01139
1.57959320489 0.01255
1.60301675923 0.01515
1.62644031356 0.01588
1.6498638679 0.01952
1.67328742223 0.01849
1.69671097657 0.01852
1.7201345309 0.02077
1.74355808524 0.02075
1.76698163957 0.02245
1.79040519391 0.02472
1.81382874824 0.02563
1.83725230258 0.02536
1.86067585691 0.02615
1.88409941125 0.02877
1.90752296558 0.02576
1.93094651992 0.02973
1.95437007425 0.02552
1.97779362859 0.02792
2.00121718292 0.02556
2.02464073726 0.02822
2.04806429159 0.0287
2.07148784593 0.02665
2.09491140027 0.02724
2.1183349546 0.02673
2.14175850894 0.02629
2.16518206327 0.0231
2.18860561761 0.02427
2.21202917194 0.02137
2.23545272628 0.02145
2.25887628061 0.01872
2.28229983495 0.02087
2.30572338928 0.0168
2.32914694362 0.01758
2.35257049795 0.01296
2.37599405229 0.01747
2.39941760662 0.01139
2.42284116096 0.01191
2.44626471529 0.01175
2.46968826963 0.01038
2.49311182396 0.00971
2.5165353783 0.00937
2.53995893263 0.00786
2.56338248697 0.00482
2.58680604131 0.00676
2.61022959564 0.00592
2.63365314998 0.00288
2.65707670431 0.00492
2.68050025865 0.00415
2.70392381298 0.00217
2.72734736732 0.00281
2.75077092165 0.0023
2.77419447599 0.00212
2.79761803032 0.00144
2.82104158466 0.00176
2.84446513899 0.00069
2.86788869333 0.00127
2.89131224766 0.0009
2.914735802 0.0004
2.93815935633 0.00091
2.96158291067 0.00038
2.985006465 0.00031
3.00843001934 0.00031
3.03185357367 0.00018
3.05527712801 0.00021
3.07870068234 0.00023
3.10212423668 5e-05
3.12554779102 1e-05
3.14897134535 0.00015
3.19581845402 5e-05
3.21924200836 1e-05
3.26608911703 2e-05


#L	=	10
#A	=	0.0281695297438
#X0	=	1.98921264308
#SD	=	0.333678304078


0.947157237839 0.000214784885206
0.985806102493 0.000306325517897
1.02445496715 0.000431058502615
1.0631038318 0.000598498180718
1.10175269645 0.000819904051321
1.14040156111 0.00110824762492
1.17905042576 0.0014780331177
1.21769929041 0.00194493503861
1.25634815506 0.00252522229237
1.29499701972 0.00323495100859
1.33364588437 0.00408892721904
1.37229474902 0.00509946519499
1.41094361368 0.00627499613526
1.44959247833 0.00761861228186
1.48824134298 0.00912665978115
1.52689020764 0.0107875154192
1.56553907229 0.0125806933486
1.60418793694 0.0144764242758
1.6428368016 0.0164358287799
1.68148566625 0.0184117679581
1.7201345309 0.0203504003067
1.75878339555 0.0221934081052
1.79743226021 0.0238807862378
1.83608112486 0.0253540196254
1.87472998951 0.0265594209493
1.91337885417 0.0274513660868
1.95202771882 0.0279951565132
1.99067658347 0.0281692586383
2.02932544813 0.0279667186856
2.06797431278 0.0273956235363
2.10662317743 0.026478564971
2.14527204209 0.0252511567807
2.18392090674 0.0237597404119
2.22256977139 0.0220584851158
2.26121863605 0.0202061352165
2.2998675007 0.018262675621
2.33851636535 0.0162861764147
2.37716523 0.0143300413468
2.41581409466 0.0124408293015
2.45446295931 0.0106567505024
2.49311182396 0.00900686895666
2.53176068862 0.00751097764245
2.57040955327 0.00618005974321
2.60905841792 0.00501721205193
2.64770728258 0.00401888722295
2.68635614723 0.00317630911498
2.72500501188 0.002476927424
2.76365387654 0.00190580025803
2.80230274119 0.00144682185489
2.84095160584 0.00108374303261
2.8796004705 0.000800960604294
2.91824933515 0.000584076283328
2.9568981998 0.000420244044262
2.99554706445 0.000298337016185
3.03419592911 0.000208971132081
3.07284479376 0.000144423886631
3.11149365841 9.84839230456e-05
3.15014252307 6.62621054244e-05
3.18879138772 4.39884542558e-05
3.22744025237 2.88128189627e-05
3.26608911703 1.86211448681e-05


