-32.5349072513 1.0000100001e-05
-32.084317032 5.0000500005e-05
-31.8590219224 1.0000100001e-05
-31.6337268128 3.0000300003e-05
-31.4084317032 0.000160001600016
-31.1831365936 2.0000200002e-05
-30.957841484 6.0000600006e-05
-30.7325463744 0.000260002600026
-30.5072512648 0.000130001300013
-30.2819561551 0.000230002300023
-30.0566610455 0.00020000200002
-29.8313659359 0.000420004200042
-29.6060708263 0.000570005700057
-29.3807757167 0.00040000400004
-29.1554806071 0.000550005500055
-28.9301854975 0.000950009500095
-28.7048903879 0.000930009300093
-28.4795952782 0.000840008400084
-28.2543001686 0.00171001710017
-28.029005059 0.0019500195002
-27.8037099494 0.00124001240012
-27.5784148398 0.00243002430024
-27.3531197302 0.0030400304003
-27.1278246206 0.00181001810018
-26.902529511 0.00392003920039
-26.6772344013 0.00460004600046
-26.4519392917 0.00458004580046
-26.2266441821 0.00438004380044
-26.0013490725 0.00618006180062
-25.7760539629 0.0070100701007
-25.5507588533 0.00652006520065
-25.3254637437 0.00735007350074
-25.1001686341 0.010080100801
-24.8748735245 0.00911009110091
-24.6495784148 0.0115901159012
-24.4242833052 0.0129701297013
-24.1989881956 0.0130101301013
-23.973693086 0.0160301603016
-23.7483979764 0.0149901499015
-23.5231028668 0.0170401704017
-23.2978077572 0.0179001790018
-23.0725126476 0.0178201782018
-22.8472175379 0.020120201202
-22.6219224283 0.0216802168022
-22.3966273187 0.0222602226022
-22.1713322091 0.0218002180022
-21.9460370995 0.0241202412024
-21.7207419899 0.0252302523025
-21.4954468803 0.0254802548025
-21.2701517707 0.0281902819028
-21.044856661 0.0281002810028
-20.8195615514 0.0283102831028
-20.5942664418 0.0294502945029
-20.3689713322 0.0273402734027
-20.1436762226 0.029780297803
-19.918381113 0.0276702767028
-19.6930860034 0.0266002660027
-19.4677908938 0.029770297703
-19.2424957841 0.0256502565026
-19.0172006745 0.0264502645026
-18.7919055649 0.0282602826028
-18.5666104553 0.0240502405024
-18.3413153457 0.0254102541025
-18.1160202361 0.0216902169022
-17.8907251265 0.0216902169022
-17.6654300169 0.0208402084021
-17.4401349073 0.020260202602
-17.2148397976 0.0175501755018
-16.989544688 0.0182301823018
-16.7642495784 0.0166901669017
-16.5389544688 0.0139501395014
-16.3136593592 0.0136301363014
-16.0883642496 0.0122901229012
-15.86306914 0.0110001100011
-15.6377740304 0.010120101201
-15.4124789207 0.00854008540085
-15.1871838111 0.00717007170072
-14.9618887015 0.00632006320063
-14.7365935919 0.00505005050051
-14.5112984823 0.00505005050051
-14.2860033727 0.00368003680037
-14.0607082631 0.0030300303003
-13.8354131535 0.0030000300003
-13.6101180438 0.00233002330023
-13.3848229342 0.00174001740017
-13.1595278246 0.00166001660017
-12.934232715 0.00139001390014
-12.7089376054 0.00112001120011
-12.4836424958 0.000860008600086
-12.2583473862 0.000730007300073
-12.0330522766 0.000510005100051
-11.8077571669 0.00030000300003
-11.5824620573 0.000280002800028
-11.3571669477 0.000150001500015
-11.1318718381 7.0000700007e-05
-10.9065767285 0.000170001700017
-10.6812816189 0.00010000100001


#L	=	11
#A	=	0.0286610006377
#X0	=	-20.2527493227
#SD	=	3.15029422505


-32.5349072513 1.4342552149e-05
-32.1706801574 2.23607337149e-05
-31.8064530635 3.43985658654e-05
-31.4422259696 5.22142804702e-05
-31.0779988758 7.82047142232e-05
-30.7137717819 0.000115576953735
-30.349544688 0.000168540480714
-29.9853175942 0.00024251124853
-29.6210905003 0.000344313634944
-29.2568634064 0.000482359936723
-28.8926363125 0.0006667805336
-28.5284092187 0.000909471867269
-28.1641821248 0.0012240250373
-27.7999550309 0.00162549638371
-27.435727937 0.00212998423215
-27.0715008432 0.00275398419655
-26.7072737493 0.00351350983547
-26.3430466554 0.00442298613488
-25.9788195616 0.0054939494204
-25.6145924677 0.00673361699322
-25.2503653738 0.00814342007078
-24.8861382799 0.00971762062937
-24.5219111861 0.0114421521214
-24.1576840922 0.0132938314688
-23.7934569983 0.0152400816813
-23.4292299044 0.0172392788719
-23.0650028106 0.0192417944079
-22.7007757167 0.0211917450021
-22.3365486228 0.0230293957746
-21.9723215289 0.0246940908704
-21.6080944351 0.0261275215692
-21.2438673412 0.0272770916199
-20.8796402473 0.0280991112938
-20.5154131535 0.0285615505658
-20.1511860596 0.028646109785
-19.7869589657 0.0283494212697
-19.4227318718 0.0276832718556
-19.058504778 0.0266738258981
-18.6942776841 0.0253599201204
-18.3300505902 0.0237905851954
-17.9658234963 0.0220220144336
-17.6015964025 0.0201142403613
-17.2373693086 0.0181277917191
-16.8731422147 0.0161205867241
-16.5089151209 0.0141452771307
-16.144688027 0.0122471983384
-15.7804609331 0.0104630118284
-15.4162338392 0.00882005627257
-15.0520067454 0.00733636060578
-14.6877796515 0.00602122226481
-14.3235525576 0.00487622034426
-13.9593254637 0.0038965177577
-13.5950983699 0.00307230743628
-13.230871276 0.00239027219079
-12.8666441821 0.00183495205026
-12.5024170883 0.00138994224828
-12.1381899944 0.00103887540851
-11.7739629005 0.000766169484955
-11.4097358066 0.000557546264183
-11.0455087128 0.00040034245127


-8.13372681282 1.0000100001e-05
-8.02107925801 5.0000500005e-05
-7.96475548061 1.0000100001e-05
-7.9084317032 3.0000300003e-05
-7.8521079258 0.000160001600016
-7.7957841484 2.0000200002e-05
-7.73946037099 6.0000600006e-05
-7.68313659359 0.000260002600026
-7.62681281619 0.000130001300013
-7.57048903879 0.000230002300023
-7.51416526138 0.00020000200002
-7.45784148398 0.000420004200042
-7.40151770658 0.000570005700057
-7.34519392917 0.00040000400004
-7.28887015177 0.000550005500055
-7.23254637437 0.000950009500095
-7.17622259696 0.000930009300093
-7.11989881956 0.000840008400084
-7.06357504216 0.00171001710017
-7.00725126476 0.0019500195002
-6.95092748735 0.00124001240012
-6.89460370995 0.00243002430024
-6.83827993255 0.0030400304003
-6.78195615514 0.00181001810018
-6.72563237774 0.00392003920039
-6.66930860034 0.00460004600046
-6.61298482293 0.00458004580046
-6.55666104553 0.00438004380044
-6.50033726813 0.00618006180062
-6.44401349073 0.0070100701007
-6.38768971332 0.00652006520065
-6.33136593592 0.00735007350074
-6.27504215852 0.010080100801
-6.21871838111 0.00911009110091
-6.16239460371 0.0115901159012
-6.10607082631 0.0129701297013
-6.0497470489 0.0130101301013
-5.9934232715 0.0160301603016
-5.9370994941 0.0149901499015
-5.88077571669 0.0170401704017
-5.82445193929 0.0179001790018
-5.76812816189 0.0178201782018
-5.71180438449 0.020120201202
-5.65548060708 0.0216802168022
-5.59915682968 0.0222602226022
-5.54283305228 0.0218002180022
-5.48650927487 0.0241202412024
-5.43018549747 0.0252302523025
-5.37386172007 0.0254802548025
-5.31753794266 0.0281902819028
-5.26121416526 0.0281002810028
-5.20489038786 0.0283102831028
-5.14856661046 0.0294502945029
-5.09224283305 0.0273402734027
-5.03591905565 0.029780297803
-4.97959527825 0.0276702767028
-4.92327150084 0.0266002660027
-4.86694772344 0.029770297703
-4.81062394604 0.0256502565026
-4.75430016863 0.0264502645026
-4.69797639123 0.0282602826028
-4.64165261383 0.0240502405024
-4.58532883642 0.0254102541025
-4.52900505902 0.0216902169022
-4.47268128162 0.0216902169022
-4.41635750422 0.0208402084021
-4.36003372681 0.020260202602
-4.30370994941 0.0175501755018
-4.24738617201 0.0182301823018
-4.1910623946 0.0166901669017
-4.1347386172 0.0139501395014
-4.0784148398 0.0136301363014
-4.02209106239 0.0122901229012
-3.96576728499 0.0110001100011
-3.90944350759 0.010120101201
-3.85311973019 0.00854008540085
-3.79679595278 0.00717007170072
-3.74047217538 0.00632006320063
-3.68414839798 0.00505005050051
-3.62782462057 0.00505005050051
-3.57150084317 0.00368003680037
-3.51517706577 0.0030300303003
-3.45885328836 0.0030000300003
-3.40252951096 0.00233002330023
-3.34620573356 0.00174001740017
-3.28988195616 0.00166001660017
-3.23355817875 0.00139001390014
-3.17723440135 0.00112001120011
-3.12091062395 0.000860008600086
-3.06458684654 0.000730007300073
-3.00826306914 0.000510005100051
-2.95193929174 0.00030000300003
-2.89561551433 0.000280002800028
-2.83929173693 0.000150001500015
-2.78296795953 7.0000700007e-05
-2.72664418212 0.000170001700017
-2.67032040472 0.00010000100001


#L	=	11
#A	=	0.028660999535
#X0	=	-5.06318730379
#SD	=	0.787573616923


-8.13372681282 1.43425664794e-05
-8.04267003935 2.23607546153e-05
-7.95161326588 3.4398595871e-05
-7.86055649241 5.22143228657e-05
-7.76949971894 7.82047731638e-05
-7.67844294547 0.000115577034344
-7.58738617201 0.000168540589133
-7.49632939854 0.000242511391897
-7.40527262507 0.000344313821264
-7.3142158516 0.000482360174598
-7.22315907813 0.000666780831798
-7.13210230467 0.000909472234107
-7.0410455312 0.00122402547983
-6.94998875773 0.00162549690678
-6.85893198426 0.00212998483728
-6.76787521079 0.00275398488084
-6.67681843732 0.00351351059052
-6.58576166386 0.004422986946
-6.49470489039 0.00549395026609
-6.40364811692 0.00673361784527
-6.31259134345 0.0081434208949
-6.22153456998 0.00971762138661
-6.13047779651 0.0114421527703
-6.03942102305 0.0132938319679
-5.94836424958 0.0152400819929
-5.85730747611 0.0172392789652
-5.76625070264 0.0192417942622
-5.67519392917 0.0211917446101
-5.58413715571 0.0230293951446
-5.49308038224 0.0246940900268
-5.40202360877 0.0261275205527
-5.3109668353 0.0272770904854
-5.21991006183 0.0280991101075
-5.12885328836 0.028561549401
-5.0377965149 0.0286461087167
-4.94673974143 0.0283494203698
-4.85568296796 0.0276832711876
-4.76462619449 0.0266738255123
-4.67356942102 0.025359920051
-4.58251264755 0.0237905854583
-4.49145587409 0.022022015026
-4.40039910062 0.0201142412625
-4.30934232715 0.0181277928932
-4.21828555368 0.0161205881232
-4.12722878021 0.0141452786991
-4.03617200675 0.0122472000165
-3.94511523328 0.0104630135571
-3.85405845981 0.00882005799671
-3.76300168634 0.00733636227699
-3.67194491287 0.00602122384344
-3.5808881394 0.00487622180037
-3.48983136594 0.00389651907126
-3.39877459247 0.0030723085966
-3.307717819 0.00239027319538
-3.21666104553 0.00183495290343
-3.12560427206 0.0013899429595
-3.03454749859 0.00103887599078
-2.94349072513 0.000766169953341
-2.85243395166 0.00055754663453
-2.76137717819 0.000400342739203


