0.50545444414 1.0000200004e-05
0.515901624708 1.0000200004e-05
0.557690346976 2.0000400008e-05
0.568137527543 2.0000400008e-05
0.57858470811 7.0001400028e-05
0.589031888678 0.000280005600112
0.599479069245 0.000240004800096
0.609926249812 0.000320006400128
0.620373430379 0.00015000300006
0.630820610946 0.000560011200224
0.641267791513 0.000640012800256
0.65171497208 0.000610012200244
0.662162152648 0.0010100202004
0.672609333215 0.00139002780056
0.683056513782 0.00194003880078
0.693503694349 0.00221004420088
0.703950874916 0.00273005460109
0.714398055483 0.00305006100122
0.72484523605 0.0035000700014
0.735292416618 0.00484009680194
0.745739597185 0.00491009820196
0.756186777752 0.0057501150023
0.766633958319 0.00729014580292
0.777081138886 0.00817016340327
0.787528319453 0.00930018600372
0.79797550002 0.0103702074041
0.808422680588 0.0122002440049
0.818869861155 0.0129302586052
0.829317041722 0.0156503130063
0.839764222289 0.0163103262065
0.850211402856 0.017420348407
0.860658583423 0.0192003840077
0.87110576399 0.0196903938079
0.881552944558 0.0216804336087
0.892000125125 0.0239904798096
0.902447305692 0.0229304586092
0.912894486259 0.0270705414108
0.923341666826 0.0272705454109
0.933788847393 0.0302306046121
0.94423602796 0.027430548611
0.954683208528 0.0310206204124
0.965130389095 0.0292905858117
0.975577569662 0.029910598212
0.986024750229 0.0311806236125
0.996471930796 0.0287405748115
1.00691911136 0.0319406388128
1.01736629193 0.0293605872117
1.0278134725 0.0297405948119
1.03826065306 0.0288705774115
1.04870783363 0.0254405088102
1.0591550142 0.0273205464109
1.06960219477 0.0255905118102
1.08004937533 0.0256205124102
1.0904965559 0.0242304846097
1.10094373647 0.0223704474089
1.11139091703 0.0206104122082
1.1218380976 0.0194803896078
1.13228527817 0.0191303826077
1.14273245874 0.0167903358067
1.1531796393 0.0162703254065
1.16362681987 0.0145302906058
1.17407400044 0.0131002620052
1.184521181 0.0118302366047
1.19496836157 0.0106302126043
1.20541554214 0.00972019440389
1.21586272271 0.00898017960359
1.22630990327 0.007510150203
1.23675708384 0.00664013280266
1.24720426441 0.00547010940219
1.25765144497 0.00539010780216
1.26809862554 0.00472009440189
1.27854580611 0.00422008440169
1.28899298668 0.00372007440149
1.29944016724 0.002510050201
1.30988734781 0.00256005120102
1.32033452838 0.00227004540091
1.33078170894 0.00211004220084
1.34122888951 0.00137002740055
1.35167607008 0.00139002780056
1.36212325065 0.000980019600392
1.37257043121 0.000830016600332
1.38301761178 0.000740014800296
1.39346479235 0.000440008800176
1.40391197291 0.00055001100022
1.41435915348 0.0002500050001
1.42480633405 0.000280005600112
1.43525351462 0.00020000400008
1.44570069518 0.00020000400008
1.45614787575 0.00015000300006
1.46659505632 0.000140002800056
1.47704223688 5.000100002e-05
1.48748941745 6.0001200024e-05
1.49793659802 5.000100002e-05
1.50838377859 4.0000800016e-05
1.51883095915 6.0001200024e-05


#L	=	13
#A	=	0.0305641568175
#X0	=	0.995261860885
#SD	=	0.13671947565


0.50545444414 4.99074774564e-05
0.522344052724 7.71007235547e-05
0.539233661308 0.000117306908658
0.556123269891 0.000175776587361
0.573012878475 0.000259400476141
0.589902487058 0.000377009949175
0.606792095642 0.000539643754983
0.623681704225 0.000760735707747
0.640571312809 0.00105616738006
0.657460921392 0.00144412238623
0.674350529976 0.00194467733463
0.691240138559 0.0025790716445
0.708129747143 0.0033686164319
0.725019355727 0.00433323279041
0.74190896431 0.00548965157551
0.758798572894 0.00684935763127
0.775688181477 0.00841641626524
0.792577790061 0.0101853714752
0.809467398644 0.0121394452549
0.826357007228 0.0142492862454
0.843246615811 0.0164725063156
0.860136224395 0.018754200581
0.877025832979 0.0210285696095
0.893915441562 0.0232216572287
0.910805050146 0.0252550940397
0.927694658729 0.0270506105414
0.944584267313 0.028534972309
0.961473875896 0.029644910336
0.97836348448 0.0303315866395
0.995253093063 0.0305641567546
1.01214270165 0.0303320672343
1.02903231023 0.0296458497728
1.04592191881 0.0285363287146
1.0628115274 0.0270523250172
1.07970113598 0.0252570948997
1.09659074456 0.023223864957
1.11348035315 0.0210309020596
1.13036996173 0.01875657795
1.14725957032 0.0164748554814
1.1641491789 0.0142515441627
1.18103878748 0.0121415612268
1.19792839607 0.0101873082536
1.21481800465 0.0084181500525
1.23170761323 0.00685087715177
1.24859722182 0.00549095644827
1.2654868304 0.00433433146119
1.28237643898 0.00336952391698
1.29926604757 0.00257980730657
1.31615565615 0.00194526286179
1.33304526473 0.00144458008877
1.34993487332 0.00105651886346
1.3668244819 0.000761000931671
1.38371409049 0.000539840450583
1.40060369907 0.00037715334191
1.41749330765 0.000259503248734
1.43438291624 0.000175849015004
1.45127252482 0.000117357103694
1.4681621334 7.71349367269e-05
1.48505174199 4.99304148421e-05
1.50194135057 3.18310909203e-05
1.51883095915 1.99852770798e-05


0.126363611035 1.0000200004e-05
0.128975406177 1.0000200004e-05
0.139422586744 2.0000400008e-05
0.142034381886 2.0000400008e-05
0.144646177028 7.0001400028e-05
0.147257972169 0.000280005600112
0.149869767311 0.000240004800096
0.152481562453 0.000320006400128
0.155093357595 0.00015000300006
0.157705152737 0.000560011200224
0.160316947878 0.000640012800256
0.16292874302 0.000610012200244
0.165540538162 0.0010100202004
0.168152333304 0.00139002780056
0.170764128445 0.00194003880078
0.173375923587 0.00221004420088
0.175987718729 0.00273005460109
0.178599513871 0.00305006100122
0.181211309013 0.0035000700014
0.183823104154 0.00484009680194
0.186434899296 0.00491009820196
0.189046694438 0.0057501150023
0.19165848958 0.00729014580292
0.194270284722 0.00817016340327
0.196882079863 0.00930018600372
0.199493875005 0.0103702074041
0.202105670147 0.0122002440049
0.204717465289 0.0129302586052
0.20732926043 0.0156503130063
0.209941055572 0.0163103262065
0.212552850714 0.017420348407
0.215164645856 0.0192003840077
0.217776440998 0.0196903938079
0.220388236139 0.0216804336087
0.223000031281 0.0239904798096
0.225611826423 0.0229304586092
0.228223621565 0.0270705414108
0.230835416707 0.0272705454109
0.233447211848 0.0302306046121
0.23605900699 0.027430548611
0.238670802132 0.0310206204124
0.241282597274 0.0292905858117
0.243894392415 0.029910598212
0.246506187557 0.0311806236125
0.249117982699 0.0287405748115
0.251729777841 0.0319406388128
0.254341572983 0.0293605872117
0.256953368124 0.0297405948119
0.259565163266 0.0288705774115
0.262176958408 0.0254405088102
0.26478875355 0.0273205464109
0.267400548692 0.0255905118102
0.270012343833 0.0256205124102
0.272624138975 0.0242304846097
0.275235934117 0.0223704474089
0.277847729259 0.0206104122082
0.2804595244 0.0194803896078
0.283071319542 0.0191303826077
0.285683114684 0.0167903358067
0.288294909826 0.0162703254065
0.290906704968 0.0145302906058
0.293518500109 0.0131002620052
0.296130295251 0.0118302366047
0.298742090393 0.0106302126043
0.301353885535 0.00972019440389
0.303965680677 0.00898017960359
0.306577475818 0.007510150203
0.30918927096 0.00664013280266
0.311801066102 0.00547010940219
0.314412861244 0.00539010780216
0.317024656385 0.00472009440189
0.319636451527 0.00422008440169
0.322248246669 0.00372007440149
0.324860041811 0.002510050201
0.327471836953 0.00256005120102
0.330083632094 0.00227004540091
0.332695427236 0.00211004220084
0.335307222378 0.00137002740055
0.33791901752 0.00139002780056
0.340530812662 0.000980019600392
0.343142607803 0.000830016600332
0.345754402945 0.000740014800296
0.348366198087 0.000440008800176
0.350977993229 0.00055001100022
0.35358978837 0.0002500050001
0.356201583512 0.000280005600112
0.358813378654 0.00020000400008
0.361425173796 0.00020000400008
0.364036968938 0.00015000300006
0.366648764079 0.000140002800056
0.369260559221 5.000100002e-05
0.371872354363 6.0001200024e-05
0.374484149505 5.000100002e-05
0.377095944647 4.0000800016e-05
0.379707739788 6.0001200024e-05


#L	=	13
#A	=	0.0305641568302
#X0	=	0.248815465219
#SD	=	0.0341798688812


0.126363611035 4.99074769028e-05
0.130586013181 7.71007227602e-05
0.134808415327 0.000117306907538
0.139030817473 0.000175776585812
0.143253219619 0.000259400474037
0.147475621765 0.000377009946372
0.15169802391 0.000539643751319
0.155920426056 0.000760735703054
0.160142828202 0.00105616737417
0.164365230348 0.00144412237899
0.168587632494 0.00194467732593
0.17281003464 0.00257907163426
0.177032436786 0.00336861642015
0.181254838932 0.00433323277726
0.185477241078 0.00548965156117
0.189699643223 0.0068493576161
0.193922045369 0.00841641624972
0.198144447515 0.0101853714599
0.202366849661 0.0121394452405
0.206589251807 0.0142492862325
0.210811653953 0.0164725063049
0.215034056099 0.0187542005732
0.219256458245 0.0210285696049
0.223478860391 0.0232216572277
0.227701262536 0.0252550940423
0.231923664682 0.0270506105475
0.236146066828 0.028534972318
0.240368468974 0.0296449103472
0.24459087112 0.030331586652
0.248813273266 0.0305641567674
0.253035675412 0.0303320672464
0.257258077558 0.0296458497831
0.261480479704 0.0285363287223
0.265702881849 0.0270523250217
0.269925283995 0.0252570949006
0.274147686141 0.0232238649541
0.278370088287 0.021030902053
0.282592490433 0.01875657794
0.286814892579 0.0164748554687
0.291037294725 0.0142515441478
0.295259696871 0.0121415612105
0.299482099016 0.0101873082365
0.303704501162 0.00841815003542
0.307926903308 0.00685087713525
0.312149305454 0.00549095643278
0.3163717076 0.00433433144705
0.320594109746 0.00336952390442
0.324816511892 0.00257980729567
0.329038914038 0.00194526285256
0.333261316184 0.00144458008112
0.337483718329 0.00105651885725
0.341706120475 0.00076100092674
0.345928522621 0.000539840446743
0.350150924767 0.000377153338978
0.354373326913 0.000259503246537
0.358595729059 0.00017584901339
0.362818131205 0.000117357102529
0.367040533351 7.71349359015e-05
0.371262935497 4.99304142678e-05
0.375485337642 3.18310905278e-05
0.379707739788 1.99852768162e-05


