0.573486249688 4.0000400004e-05
0.583025840944 1.0000100001e-05
0.5925654322 4.0000400004e-05
0.602105023456 7.0000700007e-05
0.611644614712 6.0000600006e-05
0.621184205968 3.0000300003e-05
0.630723797224 7.0000700007e-05
0.64026338848 0.000160001600016
0.649802979737 0.000240002400024
0.659342570993 0.000330003300033
0.668882162249 0.000460004600046
0.678421753505 0.000850008500085
0.687961344761 0.000640006400064
0.697500936017 0.000870008700087
0.707040527273 0.00140001400014
0.716580118529 0.00142001420014
0.726119709785 0.00179001790018
0.735659301041 0.00244002440024
0.745198892297 0.00350003500035
0.754738483553 0.00365003650037
0.764278074809 0.00447004470045
0.773817666065 0.00524005240052
0.783357257321 0.00634006340063
0.792896848577 0.00669006690067
0.802436439834 0.00889008890089
0.81197603109 0.00931009310093
0.821515622346 0.010460104601
0.831055213602 0.0110601106011
0.840594804858 0.0146501465015
0.850134396114 0.0148501485015
0.85967398737 0.0167401674017
0.869213578626 0.0183201832018
0.878753169882 0.0205402054021
0.888292761138 0.0213302133021
0.897832352394 0.0228902289023
0.90737194365 0.0239602396024
0.916911534906 0.0268502685027
0.926451126162 0.0269202692027
0.935990717418 0.0274102741027
0.945530308674 0.0284102841028
0.955069899931 0.0314703147031
0.964609491187 0.030410304103
0.974149082443 0.0310303103031
0.983688673699 0.0314203142031
0.993228264955 0.0333203332033
1.00276785621 0.0306503065031
1.01230744747 0.0315603156032
1.02184703872 0.029610296103
1.03138662998 0.0326003260033
1.04092622124 0.0284602846028
1.05046581249 0.0286302863029
1.06000540375 0.0272402724027
1.069544995 0.0269502695027
1.07908458626 0.0236902369024
1.08862417752 0.0227102271023
1.09816376877 0.0219002190022
1.10770336003 0.0216502165022
1.11724295128 0.0193001930019
1.12678254254 0.0180001800018
1.1363221338 0.0158901589016
1.14586172505 0.0153701537015
1.15540131631 0.0127101271013
1.16494090756 0.0120901209012
1.17448049882 0.0107701077011
1.18402009008 0.010080100801
1.19355968133 0.00835008350084
1.20309927259 0.00775007750078
1.21263886384 0.00616006160062
1.2221784551 0.00562005620056
1.23171804636 0.00536005360054
1.24125763761 0.00416004160042
1.25079722887 0.00359003590036
1.26033682012 0.00333003330033
1.26987641138 0.00269002690027
1.27941600264 0.00217002170022
1.28895559389 0.0019900199002
1.29849518515 0.00144001440014
1.3080347764 0.00124001240012
1.31757436766 0.0010200102001
1.32711395892 0.000890008900089
1.33665355017 0.000840008400084
1.34619314143 0.00050000500005
1.35573273269 0.000420004200042
1.36527232394 0.000320003200032
1.3748119152 0.000340003400034
1.38435150645 0.000120001200012
1.39389109771 0.000210002100021
1.40343068897 0.00010000100001
1.41297028022 0.000150001500015
1.42250987148 0.000110001100011
1.43204946273 5.0000500005e-05
1.44158905399 5.0000500005e-05
1.45112864525 6.0000600006e-05
1.4606682365 2.0000200002e-05
1.47974741901 2.0000200002e-05
1.48928701027 1.0000100001e-05


#L	=	16
#A	=	0.0318113282596
#X0	=	0.996870643711
#SD	=	0.119908610638


0.573486249688 6.24257221578e-05
0.588749595698 9.70599081259e-05
0.604012941707 0.000148483860116
0.619276287717 0.000223502144935
0.634539633727 0.000331014649185
0.649802979737 0.000482365019071
0.665066325746 0.000691619881862
0.680329671756 0.000975713257376
0.695593017766 0.00135437838835
0.710856363775 0.00184978348206
0.726119709785 0.00248579237496
0.741383055795 0.00328678940708
0.756646401804 0.00427604215855
0.771909747814 0.00547362639055
0.787173093824 0.0068940018524
0.802436439834 0.00854339946893
0.817699785843 0.0104172504057
0.832963131853 0.012497943776
0.848226477863 0.0147532296296
0.863489823872 0.0171355761103
0.878753169882 0.0195827369914
0.894016515892 0.0220196871602
0.909279861901 0.0243619456853
0.924543207911 0.0265201434758
0.939806553921 0.0284055263195
0.955069899931 0.029935938958
0.97033324594 0.0310417360092
0.98559659195 0.031671030201
1.00085993796 0.0317937278394
1.01612328397 0.0314039145342
1.03138662998 0.0305203278056
1.04664997599 0.0291848639844
1.061913322 0.0274592850861
1.07717666801 0.0254204860993
1.09244001402 0.0231548274339
1.10770336003 0.0207521127789
1.12296670604 0.0182997923541
1.13823005205 0.0158779005485
1.15349339806 0.0135551106037
1.16875674407 0.0113861296951
1.18402009008 0.00941049048297
1.19928343609 0.00765264321441
1.2145467821 0.00612313373015
1.22981012811 0.00482057779482
1.24507347411 0.00373411354738
1.26033682012 0.00284602700399
1.27560016613 0.00213429076751
1.29086351214 0.0015748211094
1.30612685815 0.00114333090276
1.32139020416 0.00081672477362
1.33665355017 0.00057404057257
1.35191689618 0.000396983559389
1.36718024219 0.00027012546429
1.3824435882 0.000180851287128
1.39770693421 0.000119135379968
1.41297028022 7.721878736e-05
1.42823362623 4.92456951998e-05
1.44349697224 3.09012922157e-05
1.45876031825 1.90786693661e-05
1.47402366426 1.1589977562e-05
1.48928701027 6.92755817087e-06


1.14697249938 4.0000400004e-05
1.16605168189 1.0000100001e-05
1.1851308644 4.0000400004e-05
1.20421004691 7.0000700007e-05
1.22328922942 6.0000600006e-05
1.24236841194 3.0000300003e-05
1.26144759445 7.0000700007e-05
1.28052677696 0.000160001600016
1.29960595947 0.000240002400024
1.31868514199 0.000330003300033
1.3377643245 0.000460004600046
1.35684350701 0.000850008500085
1.37592268952 0.000640006400064
1.39500187203 0.000870008700087
1.41408105455 0.00140001400014
1.43316023706 0.00142001420014
1.45223941957 0.00179001790018
1.47131860208 0.00244002440024
1.49039778459 0.00350003500035
1.50947696711 0.00365003650037
1.52855614962 0.00447004470045
1.54763533213 0.00524005240052
1.56671451464 0.00634006340063
1.58579369715 0.00669006690067
1.60487287967 0.00889008890089
1.62395206218 0.00931009310093
1.64303124469 0.010460104601
1.6621104272 0.0110601106011
1.68118960972 0.0146501465015
1.70026879223 0.0148501485015
1.71934797474 0.0167401674017
1.73842715725 0.0183201832018
1.75750633976 0.0205402054021
1.77658552228 0.0213302133021
1.79566470479 0.0228902289023
1.8147438873 0.0239602396024
1.83382306981 0.0268502685027
1.85290225232 0.0269202692027
1.87198143484 0.0274102741027
1.89106061735 0.0284102841028
1.91013979986 0.0314703147031
1.92921898237 0.030410304103
1.94829816489 0.0310303103031
1.9673773474 0.0314203142031
1.98645652991 0.0333203332033
2.00553571242 0.0306503065031
2.02461489493 0.0315603156032
2.04369407745 0.029610296103
2.06277325996 0.0326003260033
2.08185244247 0.0284602846028
2.10093162498 0.0286302863029
2.12001080749 0.0272402724027
2.13908999001 0.0269502695027
2.15816917252 0.0236902369024
2.17724835503 0.0227102271023
2.19632753754 0.0219002190022
2.21540672006 0.0216502165022
2.23448590257 0.0193001930019
2.25356508508 0.0180001800018
2.27264426759 0.0158901589016
2.2917234501 0.0153701537015
2.31080263262 0.0127101271013
2.32988181513 0.0120901209012
2.34896099764 0.0107701077011
2.36804018015 0.010080100801
2.38711936266 0.00835008350084
2.40619854518 0.00775007750078
2.42527772769 0.00616006160062
2.4443569102 0.00562005620056
2.46343609271 0.00536005360054
2.48251527522 0.00416004160042
2.50159445774 0.00359003590036
2.52067364025 0.00333003330033
2.53975282276 0.00269002690027
2.55883200527 0.00217002170022
2.57791118779 0.0019900199002
2.5969903703 0.00144001440014
2.61606955281 0.00124001240012
2.63514873532 0.0010200102001
2.65422791783 0.000890008900089
2.67330710035 0.000840008400084
2.69238628286 0.00050000500005
2.71146546537 0.000420004200042
2.73054464788 0.000320003200032
2.74962383039 0.000340003400034
2.76870301291 0.000120001200012
2.78778219542 0.000210002100021
2.80686137793 0.00010000100001
2.82594056044 0.000150001500015
2.84501974296 0.000110001100011
2.86409892547 5.0000500005e-05
2.88317810798 5.0000500005e-05
2.90225729049 6.0000600006e-05
2.921336473 2.0000200002e-05
2.95949483803 2.0000200002e-05
2.97857402054 1.0000100001e-05


#L	=	16
#A	=	0.0318113278963
#X0	=	1.99374128307
#SD	=	0.239817226736


1.14697249938 6.24257431594e-05
1.1774991914 9.70599386048e-05
1.20802588341 0.000148483903526
1.23855257543 0.000223502205599
1.26907926745 0.000331014732349
1.29960595947 0.000482365130877
1.33013265149 0.000691620029226
1.36065934351 0.000975713447733
1.39118603553 0.00135437862923
1.42171272755 0.00184978378053
1.45223941957 0.00248579273687
1.48276611159 0.00328678983621
1.51329280361 0.00427604265575
1.54381949563 0.00547362695283
1.57434618765 0.00689400247226
1.60487287967 0.00854340013394
1.63539957169 0.0104172510985
1.66592626371 0.0124979444746
1.69645295573 0.0147532303089
1.72697964774 0.0171355767429
1.75750633976 0.0195827375502
1.78803303178 0.0220196876201
1.8185597238 0.0243619460257
1.84908641582 0.0265201436826
1.87961310784 0.0284055263867
1.91013979986 0.0299359388882
1.94066649188 0.0310417358139
1.9711931839 0.0316710298996
2.00171987592 0.0317937274579
2.03224656794 0.0314039141025
2.06277325996 0.0305203273553
2.09329995198 0.0291848635459
2.123826644 0.0274592846864
2.15435333602 0.0254204857599
2.18488002804 0.0231548271697
2.21540672006 0.0207521125978
2.24593341207 0.0182997922569
2.27646010409 0.0158779005301
2.30698679611 0.0135551106543
2.33751348813 0.0113861298017
2.36804018015 0.00941049063105
2.39856687217 0.00765264338922
2.42909356419 0.00612313391805
2.45962025621 0.00482057798412
2.49014694823 0.00373411372881
2.52067364025 0.0028460271709
2.55120033227 0.00213429091572
2.58172702429 0.00157482123692
2.61225371631 0.00114333100937
2.64278040833 0.000816724860401
2.67330710035 0.000574040641455
2.70383379237 0.000396983612778
2.73436048438 0.00027012550473
2.7648871764 0.00018085131709
2.79541386842 0.000119135401694
2.82594056044 7.72188027883e-05
2.85646725246 4.9245705934e-05
2.88699394448 3.09012995357e-05
2.9175206365 1.90786742604e-05
2.94804732852 1.15899807715e-05
2.97857402054 6.92756023557e-06


