-55.4848229342 1.0000300009e-05
-54.1694772344 1.0000300009e-05
-53.8406408094 1.0000300009e-05
-53.5118043845 1.0000300009e-05
-53.1829679595 3.0000900027e-05
-52.8541315346 2.0000600018e-05
-52.5252951096 1.0000300009e-05
-52.1964586847 3.0000900027e-05
-51.8676222597 7.0002100063e-05
-51.5387858347 8.0002400072e-05
-51.2099494098 0.000120003600108
-50.8811129848 0.000110003300099
-50.5522765599 0.000160004800144
-50.2234401349 0.000130003900117
-49.8946037099 0.000210006300189
-49.565767285 0.000210006300189
-49.23693086 0.00050001500045
-48.9080944351 0.000490014700441
-48.5792580101 0.000570017100513
-48.2504215852 0.00103003090093
-47.9215851602 0.000850025500765
-47.5927487352 0.00129003870116
-47.2639123103 0.00166004980149
-46.9350758853 0.00174005220157
-46.6062394604 0.00239007170215
-46.2774030354 0.00268008040241
-45.9485666105 0.00313009390282
-45.6197301855 0.0037801134034
-45.2908937605 0.00462013860416
-44.9620573356 0.00517015510465
-44.6332209106 0.00557016710501
-44.3043844857 0.00668020040601
-43.9755480607 0.00804024120724
-43.6467116358 0.00848025440763
-43.3178752108 0.0095602868086
-42.9890387858 0.0108903267098
-42.6602023609 0.012220366611
-42.3313659359 0.0137304119124
-42.002529511 0.0154904647139
-41.673693086 0.0162704881146
-41.344856661 0.0179805394162
-41.0160202361 0.0187905637169
-40.6871838111 0.0211906357191
-40.3583473862 0.0216106483194
-40.0295109612 0.024490734722
-39.7006745363 0.0245707371221
-39.3718381113 0.0267908037241
-39.0430016863 0.0273108193246
-38.7141652614 0.0296308889267
-38.3853288364 0.0283908517256
-38.0564924115 0.0319009570287
-37.7276559865 0.0290908727262
-37.3988195616 0.032170965129
-37.0699831366 0.0307809234277
-36.7411467116 0.0328909867296
-36.4123102867 0.0306709201276
-36.0834738617 0.0327409822295
-35.7546374368 0.0290608718262
-35.4258010118 0.0302509075272
-35.0969645868 0.0284208526256
-34.7681281619 0.029970899127
-34.4392917369 0.0262507875236
-34.110455312 0.0265607968239
-33.781618887 0.0231706951209
-33.4527824621 0.0232606978209
-33.1239460371 0.0206706201186
-32.7951096121 0.0206506195186
-32.4662731872 0.0174705241157
-32.1374367622 0.016710501315
-31.8086003373 0.0147704431133
-31.4797639123 0.0135904077122
-31.1509274874 0.0115003450104
-30.8220910624 0.0118003540106
-30.4932546374 0.00880026400792
-30.1644182125 0.00841025230757
-29.8355817875 0.00669020070602
-29.5067453626 0.00614018420553
-29.1779089376 0.00517015510465
-28.8490725126 0.00497014910447
-28.5202360877 0.00312009360281
-28.1913996627 0.00298008940268
-27.8625632378 0.0023300699021
-27.5337268128 0.00196005880176
-27.2048903879 0.00138004140124
-26.8760539629 0.00130003900117
-26.5472175379 0.000830024900747
-26.218381113 0.000650019500585
-25.889544688 0.000550016500495
-25.5607082631 0.000460013800414
-25.2318718381 0.000330009900297
-24.9030354132 0.000260007800234
-24.5741989882 0.000130003900117
-24.2453625632 0.000120003600108
-23.9165261383 0.000120003600108
-23.5876897133 8.0002400072e-05
-23.2588532884 5.0001500045e-05


#L	=	18
#A	=	0.0318177952122
#X0	=	-36.9061199027
#SD	=	4.13682619152


-55.4848229342 1.32711227338e-06
-54.9477234401 2.35765375862e-06
-54.410623946 4.11842890879e-06
-53.8735244519 7.0739552785e-06
-53.3364249578 1.1947367813e-05
-52.7993254637 1.98408990065e-05
-52.2622259696 3.2398853861e-05
-51.7251264755 5.20208130251e-05
-51.1880269815 8.21303761832e-05
-50.6509274874 0.00012749985085
-50.1138279933 0.000194623254022
-49.5767284992 0.000292118438428
-49.0396290051 0.000431124197852
-48.502529511 0.000625640733283
-47.9654300169 0.000892743756307
-47.4283305228 0.00125258675385
-46.8912310287 0.00172809652153
-46.3541315346 0.00234426857251
-45.8170320405 0.00312698589941
-45.2799325464 0.0041013201188
-44.7428330523 0.00528932925333
-44.2057335582 0.00670743887793
-43.6686340641 0.00836357649952
-43.13153457 0.0102543121016
-42.5944350759 0.0123623267288
-42.0573355818 0.0146545704017
-41.5202360877 0.0170814665094
-40.9831365936 0.0195774626485
-40.4460370995 0.0220631156973
-39.9089376054 0.0244487392552
-39.3718381113 0.0266394517932
-38.8347386172 0.0285412694715
-38.2976391231 0.0300677185696
-37.760539629 0.0311463281872
-37.2234401349 0.0317243273324
-36.6863406408 0.0317729235102
-36.1492411467 0.0312896799027
-35.6121416526 0.030298717888
-35.0750421585 0.0288487214668
-34.5379426644 0.0270089734482
-34.0008431703 0.0248638726838
-33.4637436762 0.0225065359622
-32.9266441821 0.0200321576025
-32.389544688 0.0175317790223
-31.8524451939 0.0150870189462
-31.3153456998 0.0127661537785
-30.7782462057 0.0106217455995
-30.2411467116 0.00868982253795
-29.7040472175 0.00699044957855
-29.1669477234 0.005529406207
-28.6298482293 0.00430062001674
-28.0927487352 0.00328899214524
-27.5556492411 0.00247328286522
-27.018549747 0.00182879038302
-26.481450253 0.00132963750845
-25.9443507589 0.000950564901738
-25.4072512648 0.000668204628121
-24.8701517707 0.000461866403172
-24.3330522766 0.000313908050039
-23.7959527825 0.000209781758793


-13.8712057336 1.0000300009e-05
-13.5423693086 1.0000300009e-05
-13.4601602024 1.0000300009e-05
-13.3779510961 1.0000300009e-05
-13.2957419899 3.0000900027e-05
-13.2135328836 2.0000600018e-05
-13.1313237774 1.0000300009e-05
-13.0491146712 3.0000900027e-05
-12.9669055649 7.0002100063e-05
-12.8846964587 8.0002400072e-05
-12.8024873524 0.000120003600108
-12.7202782462 0.000110003300099
-12.63806914 0.000160004800144
-12.5558600337 0.000130003900117
-12.4736509275 0.000210006300189
-12.3914418212 0.000210006300189
-12.309232715 0.00050001500045
-12.2270236088 0.000490014700441
-12.1448145025 0.000570017100513
-12.0626053963 0.00103003090093
-11.9803962901 0.000850025500765
-11.8981871838 0.00129003870116
-11.8159780776 0.00166004980149
-11.7337689713 0.00174005220157
-11.6515598651 0.00239007170215
-11.5693507589 0.00268008040241
-11.4871416526 0.00313009390282
-11.4049325464 0.0037801134034
-11.3227234401 0.00462013860416
-11.2405143339 0.00517015510465
-11.1583052277 0.00557016710501
-11.0760961214 0.00668020040601
-10.9938870152 0.00804024120724
-10.9116779089 0.00848025440763
-10.8294688027 0.0095602868086
-10.7472596965 0.0108903267098
-10.6650505902 0.012220366611
-10.582841484 0.0137304119124
-10.5006323777 0.0154904647139
-10.4184232715 0.0162704881146
-10.3362141653 0.0179805394162
-10.254005059 0.0187905637169
-10.1717959528 0.0211906357191
-10.0895868465 0.0216106483194
-10.0073777403 0.024490734722
-9.92516863406 0.0245707371221
-9.84295952782 0.0267908037241
-9.76075042159 0.0273108193246
-9.67854131535 0.0296308889267
-9.59633220911 0.0283908517256
-9.51412310287 0.0319009570287
-9.43191399663 0.0290908727262
-9.34970489039 0.032170965129
-9.26749578415 0.0307809234277
-9.18528667791 0.0328909867296
-9.10307757167 0.0306709201276
-9.02086846543 0.0327409822295
-8.93865935919 0.0290608718262
-8.85645025295 0.0302509075272
-8.77424114671 0.0284208526256
-8.69203204047 0.029970899127
-8.60982293423 0.0262507875236
-8.52761382799 0.0265607968239
-8.44540472175 0.0231706951209
-8.36319561551 0.0232606978209
-8.28098650927 0.0206706201186
-8.19877740304 0.0206506195186
-8.1165682968 0.0174705241157
-8.03435919056 0.016710501315
-7.95215008432 0.0147704431133
-7.86994097808 0.0135904077122
-7.78773187184 0.0115003450104
-7.7055227656 0.0118003540106
-7.62331365936 0.00880026400792
-7.54110455312 0.00841025230757
-7.45889544688 0.00669020070602
-7.37668634064 0.00614018420553
-7.2944772344 0.00517015510465
-7.21226812816 0.00497014910447
-7.13005902192 0.00312009360281
-7.04784991568 0.00298008940268
-6.96564080944 0.0023300699021
-6.8834317032 0.00196005880176
-6.80122259696 0.00138004140124
-6.71901349073 0.00130003900117
-6.63680438449 0.000830024900747
-6.55459527825 0.000650019500585
-6.47238617201 0.000550016500495
-6.39017706577 0.000460013800414
-6.30796795953 0.000330009900297
-6.22575885329 0.000260007800234
-6.14354974705 0.000130003900117
-6.06134064081 0.000120003600108
-5.97913153457 0.000120003600108
-5.89692242833 8.0002400072e-05
-5.81471332209 5.0001500045e-05


#L	=	18
#A	=	0.0318177979465
#X0	=	-9.2265301163
#SD	=	1.03420637012


-13.8712057336 1.32710859698e-06
-13.73693086 2.35764765151e-06
-13.6026559865 4.11841895771e-06
-13.468381113 7.07393937679e-06
-13.3341062395 1.19473428978e-05
-13.1998313659 1.98408607394e-05
-13.0655564924 3.23987962632e-05
-12.9312816189 5.20207280936e-05
-12.7970067454 8.21302535369e-05
-12.6627318718 0.000127499677479
-12.5284569983 0.00019462301424
-12.3941821248 0.000292118114152
-12.2599072513 0.000431123769344
-12.1256323777 0.000625640180485
-11.9913575042 0.000892743060853
-11.8570826307 0.00125258590179
-11.7228077572 0.00172809550668
-11.5885328836 0.00234426740017
-11.4542580101 0.00312698459014
-11.3199831366 0.0041013187116
-11.1857082631 0.00528932780768
-11.0514333895 0.00670743747396
-10.917158516 0.0083635752357
-10.7828836425 0.0102543110895
-10.648608769 0.0123623260849
-10.5143338954 0.0146545702366
-10.3800590219 0.0170814669153
-10.2457841484 0.019577463686
-10.1115092749 0.0220631173836
-9.97723440135 0.0244487415551
-9.84295952782 0.0266394546148
-9.7086846543 0.0285412726672
-9.57440978078 0.030067721944
-9.44013490725 0.0311463315102
-9.30586003373 0.0317243303575
-9.1715851602 0.0317729259958
-9.03731028668 0.0312896816332
-8.90303541315 0.0302987186936
-8.76876053963 0.0288487212383
-8.6344856661 0.0270089721456
-8.50021079258 0.0248638703384
-8.36593591906 0.0225065326711
-8.23166104553 0.0200321535175
-8.09738617201 0.0175317743342
-7.96311129848 0.0150870138666
-7.82883642496 0.0127661485219
-7.69456155143 0.0106217403668
-7.56028667791 0.00868981750395
-7.42601180438 0.00699044488266
-7.29173693086 0.00552940194928
-7.15746205734 0.00430061625773
-7.02318718381 0.00328898890918
-6.88891231029 0.00247328014573
-6.75463743676 0.0018287881501
-6.62036256324 0.00132963571581
-6.48608768971 0.000950563493728
-6.35181281619 0.000668203545593
-6.21753794266 0.000461865588132
-6.08326306914 0.000313907448881
-5.94898819562 0.000209781324276


