0.386281881871 1e-05
0.439705735119 0.00014
0.453061698431 0.0004
0.466417661743 8e-05
0.479773625055 0.00026
0.493129588367 0.0004
0.506485551679 0.00134
0.519841514991 0.00092
0.533197478303 0.00048
0.546553441615 0.0009
0.559909404927 0.00284
0.573265368239 0.00217
0.58662133155 0.0017
0.599977294862 0.00208
0.613333258174 0.00508
0.626689221486 0.00487
0.640045184798 0.00337
0.65340114811 0.0043
0.666757111422 0.00912
0.680113074734 0.0074
0.693469038046 0.00586
0.706825001358 0.01094
0.72018096467 0.01271
0.733536927982 0.0126
0.746892891294 0.00897
0.760248854606 0.01408
0.773604817917 0.01898
0.786960781229 0.01692
0.800316744541 0.00968
0.813672707853 0.02239
0.827028671165 0.02484
0.840384634477 0.01856
0.853740597789 0.018
0.867096561101 0.02519
0.880452524413 0.02647
0.893808487725 0.02491
0.907164451037 0.01887
0.920520414349 0.02849
0.933876377661 0.0306
0.947232340973 0.0206
0.960588304284 0.02549
0.973944267596 0.03016
0.987300230908 0.027
1.00065619422 0.02803
1.01401215753 0.02282
1.02736812084 0.02745
1.04072408416 0.02906
1.05408004747 0.02364
1.06743601078 0.01917
1.08079197409 0.02561
1.0941479374 0.02789
1.10750390072 0.01802
1.12085986403 0.02376
1.13421582734 0.01942
1.14757179065 0.02226
1.16092775396 0.01496
1.17428371728 0.01689
1.18763968059 0.01761
1.2009956439 0.01613
1.21435160721 0.01674
1.22770757052 0.00957
1.24106353384 0.01411
1.25441949715 0.01321
1.26777546046 0.0104
1.28113142377 0.00673
1.29448738708 0.00957
1.30784335039 0.01088
1.32119931371 0.0037
1.33455527702 0.0095
1.34791124033 0.00374
1.36126720364 0.00724
1.37462316695 0.00513
1.38797913027 0.00194
1.40133509358 0.00359
1.41469105689 0.00435
1.4280470202 0.00328
1.44140298351 0.00058
1.45475894683 0.00322
1.46811491014 0.00193
1.48147087345 0.00132
1.49482683676 0.00066
1.50818280007 0.00079
1.52153876339 0.00165
1.5348947267 0.00061
1.54825069001 0.00032
1.56160665332 0.00018
1.57496261663 0.00106
1.58831857995 2e-05
1.60167454326 5e-05
1.61503050657 0.00037
1.62838646988 0.00036
1.66845435982 0.00026
1.70852224975 5e-05


#L	=	8
#A	=	0.0269898548576
#X0	=	0.99136870982
#SD	=	0.198864491515


0.386281881871 0.000263532456916
0.408319221336 0.000366946807451
0.430356560801 0.0005047065172
0.452393900266 0.000685711619235
0.47443123973 0.000920260753437
0.496468579195 0.00121996421
0.51850591866 0.00159753387384
0.540543258124 0.00206642600164
0.562580597589 0.00264031921763
0.584617937054 0.00333242061334
0.606655276518 0.00415460734247
0.628692615983 0.00511642901345
0.650729955448 0.00622401625638
0.672767294912 0.00747896120118
0.694804634377 0.00887725384608
0.716841973842 0.0104083717168
0.738879313306 0.0120546261362
0.760916652771 0.0137908645833
0.782953992236 0.0155846136004
0.804991331701 0.0173967202814
0.827028671165 0.019182513777
0.84906601063 0.0208934642144
0.871103350095 0.0224792690337
0.893140689559 0.0238902510231
0.915178029024 0.025079913697
0.937215368489 0.0260074731597
0.959252707953 0.0266401752103
0.981290047418 0.0269552144485
1.00332738688 0.0269410986657
1.02536472635 0.0265983447102
1.04740206581 0.0259394470745
1.06943940528 0.0249881218679
1.09147674474 0.0237778899603
1.11351408421 0.0223501173133
1.13555142367 0.0207516721645
1.15758876314 0.0190323837226
1.1796261026 0.0172424934291
1.20166344206 0.0154302779695
1.22370078153 0.0136399954975
1.24573812099 0.0119102670914
1.26777546046 0.0102729593877
1.28981279992 0.00875258703916
1.31185013939 0.00736621010353
1.33388747885 0.00612376564742
1.35592481832 0.00502874737699
1.37796215778 0.00407913306418
1.39999949725 0.00326845660039
1.42203683671 0.00258692816592
1.44407417618 0.00202251994309
1.46611151564 0.00156195332737
1.48814885511 0.00119154401382
1.51018619457 0.000897881290957
1.53222353404 0.000668335533719
1.5542608735 0.000491402066467
1.57629821296 0.000356899715249
1.59833555243 0.000256048491212
1.62037289189 0.000181453369512
1.64241023136 0.000127020743384
1.66444757082 8.78316536571e-05
1.68648491029 5.99921277765e-05
1.70852224975 4.04766226717e-05


0.0965704704679 1e-05
0.10992643378 0.00014
0.113265424608 0.0004
0.116604415436 8e-05
0.119943406264 0.00026
0.123282397092 0.0004
0.12662138792 0.00134
0.129960378748 0.00092
0.133299369576 0.00048
0.136638360404 0.0009
0.139977351232 0.00284
0.14331634206 0.00217
0.146655332888 0.0017
0.149994323716 0.00208
0.153333314544 0.00508
0.156672305372 0.00487
0.1600112962 0.00337
0.163350287028 0.0043
0.166689277856 0.00912
0.170028268683 0.0074
0.173367259511 0.00586
0.176706250339 0.01094
0.180045241167 0.01271
0.183384231995 0.0126
0.186723222823 0.00897
0.190062213651 0.01408
0.193401204479 0.01898
0.196740195307 0.01692
0.200079186135 0.00968
0.203418176963 0.02239
0.206757167791 0.02484
0.210096158619 0.01856
0.213435149447 0.018
0.216774140275 0.02519
0.220113131103 0.02647
0.223452121931 0.02491
0.226791112759 0.01887
0.230130103587 0.02849
0.233469094415 0.0306
0.236808085243 0.0206
0.240147076071 0.02549
0.243486066899 0.03016
0.246825057727 0.027
0.250164048555 0.02803
0.253503039383 0.02282
0.256842030211 0.02745
0.260181021039 0.02906
0.263520011867 0.02364
0.266859002695 0.01917
0.270197993523 0.02561
0.273536984351 0.02789
0.276875975179 0.01802
0.280214966007 0.02376
0.283553956835 0.01942
0.286892947663 0.02226
0.290231938491 0.01496
0.293570929319 0.01689
0.296909920147 0.01761
0.300248910975 0.01613
0.303587901803 0.01674
0.306926892631 0.00957
0.310265883459 0.01411
0.313604874287 0.01321
0.316943865115 0.0104
0.320282855943 0.00673
0.323621846771 0.00957
0.326960837599 0.01088
0.330299828427 0.0037
0.333638819255 0.0095
0.336977810083 0.00374
0.340316800911 0.00724
0.343655791739 0.00513
0.346994782567 0.00194
0.350333773395 0.00359
0.353672764223 0.00435
0.357011755051 0.00328
0.360350745878 0.00058
0.363689736706 0.00322
0.367028727534 0.00193
0.370367718362 0.00132
0.37370670919 0.00066
0.377045700018 0.00079
0.380384690846 0.00165
0.383723681674 0.00061
0.387062672502 0.00032
0.39040166333 0.00018
0.393740654158 0.00106
0.397079644986 2e-05
0.400418635814 5e-05
0.403757626642 0.00037
0.40709661747 0.00036
0.417113589954 0.00026
0.427130562438 5e-05


#L	=	8
#A	=	0.0269898545068
#X0	=	0.247842176487
#SD	=	0.0497161241848


0.0965704704679 0.000263532533199
0.102079805334 0.000366946906495
0.1075891402 0.000504706643886
0.113098475066 0.000685711778834
0.118607809933 0.000920260951417
0.124117144799 0.00121996445175
0.129626479665 0.00159753416433
0.135135814531 0.002066426345
0.140645149397 0.00264031961665
0.146154484263 0.00333242106901
0.15166381913 0.00415460785346
0.157173153996 0.00511642957572
0.162682488862 0.00622401686286
0.168191823728 0.00747896184163
0.173701158594 0.00887725450718
0.17921049346 0.0104083723825
0.184719828327 0.0120546267881
0.190229163193 0.0137908652018
0.195738498059 0.0155846141656
0.201247832925 0.0173967207743
0.206757167791 0.0191825141806
0.212266502657 0.0208934645151
0.217775837524 0.0224792692223
0.22328517239 0.0238902510955
0.228794507256 0.0250799136549
0.234303842122 0.0260074730103
0.239813176988 0.0266401749661
0.245322511854 0.0269552141266
0.250831846721 0.0269410982866
0.256341181587 0.0265983442964
0.261850516453 0.0259394466491
0.267359851319 0.0249881214532
0.272869186185 0.0237778895763
0.278378521052 0.0223501169769
0.283887855918 0.0207516718883
0.289397190784 0.0190323835146
0.29490652565 0.0172424932929
0.300415860516 0.0154302779044
0.305925195382 0.0136399954988
0.311434530249 0.0119102671518
0.316943865115 0.0102729594973
0.322453199981 0.00875258718736
0.327962534847 0.0073662102791
0.333471869713 0.00612376583958
0.338981204579 0.00502874757598
0.344490539446 0.00407913326164
0.349999874312 0.0032684567896
0.355509209178 0.00258692834187
0.361018544044 0.00202252010245
0.36652787891 0.00156195346827
0.372037213776 0.00119154413568
0.377546548643 0.000897881394192
0.383055883509 0.000668335619485
0.388565218375 0.000491402136407
0.394074553241 0.000356899771272
0.399583888107 0.000256048535318
0.405093222973 0.00018145340366
0.41060255784 0.000127020769394
0.416111892706 8.78316731552e-05
0.421621227572 5.99921421664e-05
0.427130562438 4.047663313e-05


